    0 
Poisson Problem - Convergencia: Q2Q2-2 - Refinamento h: teta=-1 (otimo) 
         1         0         0         2     40401         1         0         1     80400         2 
         1         4       0.0       0.0
                           1.0       0.0
                           1.0       1.0
                           0.0       1.0
       200         1       200       201
         0 
         1       200         1         1         0
       201     80000       401         1         0
       401     80200       401         1         0
     80201     80400         1         1         0

         1     40000         1        16         4         9         9         2         2 
         1   2.0d+01   -1.d+00    0.d+00      0.00      -1.0 
       1.0       0.0       0.0 
         1         1         1         2       203       202         1
       200         1         1       200       200       201

         1         1       202       402       201         1
       200         1         1       200       200       401

 1   0 
*end 
