

           n o d a l   b o u n d a r y   c o n d i t i o n

        node no.                dof1
               1                   1
               2                   1
               4                   1
               5                   1
               7                   1
               9                   1
              10                   1
              12                   1
              15                   1
              17                   1
              20                   1
              21                   1
              22                   1
              23                   1
              24                   1
              25                   1


           n o d a l   b o u n d a r y   c o n d i t i o n

        node no.                dof1
               1                   1
               2                   1
               4                   1
               5                   1
               7                   1
               9                   1
              11                   1
              13                   1
              15                   1
              17                   1
              18                   1
              20                   1
              27                   1
              29                   1
              36                   1
              38                   1
              45                   1
              47                   1
              54                   1
              56                   1
              63                   1
              65                   1
              72                   1
              73                   1
              74                   1
              75                   1
              76                   1
              77                   1
              78                   1
              79                   1
              80                   1
              81                   1


           n o d a l   b o u n d a r y   c o n d i t i o n

        node no.                dof1
               1                   1
               2                   1
               4                   1
               5                   1
               7                   1
               9                   1
              11                   1
              13                   1
              15                   1
              17                   1
              19                   1
              21                   1
              23                   1
              25                   1
              27                   1
              29                   1
              31                   1
              33                   1
              34                   1
              36                   1
              51                   1
              53                   1
              68                   1
              70                   1
              85                   1
              87                   1
             102                   1
             104                   1
             119                   1
             121                   1
             136                   1
             138                   1
             153                   1
             155                   1
             170                   1
             172                   1
             187                   1
             189                   1
             204                   1
             206                   1
             221                   1
             223                   1
             238                   1
             240                   1
             255                   1
             257                   1
             272                   1
             273                   1
             274                   1
             275                   1


           n o d a l   b o u n d a r y   c o n d i t i o n

        node no.                dof1
             276                   1
             277                   1
             278                   1
             279                   1
             280                   1
             281                   1
             282                   1
             283                   1
             284                   1
             285                   1
             286                   1
             287                   1
             288                   1
             289                   1


           n o d a l   b o u n d a r y   c o n d i t i o n

        node no.                dof1
               1                   1
               2                   1
               4                   1
               5                   1
               7                   1
               9                   1
              11                   1
              13                   1
              15                   1
              17                   1
              19                   1
              21                   1
              23                   1
              25                   1
              27                   1
              29                   1
              31                   1
              33                   1
              35                   1
              37                   1
              39                   1
              41                   1
              43                   1
              45                   1
              47                   1
              49                   1
              51                   1
              53                   1
              55                   1
              57                   1
              59                   1
              61                   1
              63                   1
              65                   1
              66                   1
              68                   1
              99                   1
             101                   1
             132                   1
             134                   1
             165                   1
             167                   1
             198                   1
             200                   1
             231                   1
             233                   1
             264                   1
             266                   1
             297                   1
             299                   1


           n o d a l   b o u n d a r y   c o n d i t i o n

        node no.                dof1
             330                   1
             332                   1
             363                   1
             365                   1
             396                   1
             398                   1
             429                   1
             431                   1
             462                   1
             464                   1
             495                   1
             497                   1
             528                   1
             530                   1
             561                   1
             563                   1
             594                   1
             596                   1
             627                   1
             629                   1
             660                   1
             662                   1
             693                   1
             695                   1
             726                   1
             728                   1
             759                   1
             761                   1
             792                   1
             794                   1
             825                   1
             827                   1
             858                   1
             860                   1
             891                   1
             893                   1
             924                   1
             926                   1
             957                   1
             959                   1
             990                   1
             992                   1
            1023                   1
            1025                   1
            1056                   1
            1057                   1
            1058                   1
            1059                   1
            1060                   1
            1061                   1


           n o d a l   b o u n d a r y   c o n d i t i o n

        node no.                dof1
            1062                   1
            1063                   1
            1064                   1
            1065                   1
            1066                   1
            1067                   1
            1068                   1
            1069                   1
            1070                   1
            1071                   1
            1072                   1
            1073                   1
            1074                   1
            1075                   1
            1076                   1
            1077                   1
            1078                   1
            1079                   1
            1080                   1
            1081                   1
            1082                   1
            1083                   1
            1084                   1
            1085                   1
            1086                   1
            1087                   1
            1088                   1
            1089                   1


           n o d a l   b o u n d a r y   c o n d i t i o n

        node no.                dof1
               1                   1
               2                   1
               4                   1
               5                   1
               7                   1
               9                   1
              11                   1
              13                   1
              15                   1
              17                   1
              19                   1
              21                   1
              23                   1
              25                   1
              27                   1
              29                   1
              31                   1
              33                   1
              35                   1
              37                   1
              39                   1
              41                   1
              43                   1
              45                   1
              47                   1
              49                   1
              51                   1
              53                   1
              55                   1
              57                   1
              59                   1
              61                   1
              63                   1
              65                   1
              67                   1
              69                   1
              71                   1
              73                   1
              75                   1
              77                   1
              79                   1
              81                   1
              83                   1
              85                   1
              87                   1
              89                   1
              91                   1
              93                   1
              95                   1
              97                   1


           n o d a l   b o u n d a r y   c o n d i t i o n

        node no.                dof1
              99                   1
             101                   1
             103                   1
             105                   1
             107                   1
             109                   1
             111                   1
             113                   1
             115                   1
             117                   1
             119                   1
             121                   1
             123                   1
             125                   1
             127                   1
             129                   1
             130                   1
             132                   1
             195                   1
             197                   1
             260                   1
             262                   1
             325                   1
             327                   1
             390                   1
             392                   1
             455                   1
             457                   1
             520                   1
             522                   1
             585                   1
             587                   1
             650                   1
             652                   1
             715                   1
             717                   1
             780                   1
             782                   1
             845                   1
             847                   1
             910                   1
             912                   1
             975                   1
             977                   1
            1040                   1
            1042                   1
            1105                   1
            1107                   1
            1170                   1
            1172                   1


           n o d a l   b o u n d a r y   c o n d i t i o n

        node no.                dof1
            1235                   1
            1237                   1
            1300                   1
            1302                   1
            1365                   1
            1367                   1
            1430                   1
            1432                   1
            1495                   1
            1497                   1
            1560                   1
            1562                   1
            1625                   1
            1627                   1
            1690                   1
            1692                   1
            1755                   1
            1757                   1
            1820                   1
            1822                   1
            1885                   1
            1887                   1
            1950                   1
            1952                   1
            2015                   1
            2017                   1
            2080                   1
            2082                   1
            2145                   1
            2147                   1
            2210                   1
            2212                   1
            2275                   1
            2277                   1
            2340                   1
            2342                   1
            2405                   1
            2407                   1
            2470                   1
            2472                   1
            2535                   1
            2537                   1
            2600                   1
            2602                   1
            2665                   1
            2667                   1
            2730                   1
            2732                   1
            2795                   1
            2797                   1


           n o d a l   b o u n d a r y   c o n d i t i o n

        node no.                dof1
            2860                   1
            2862                   1
            2925                   1
            2927                   1
            2990                   1
            2992                   1
            3055                   1
            3057                   1
            3120                   1
            3122                   1
            3185                   1
            3187                   1
            3250                   1
            3252                   1
            3315                   1
            3317                   1
            3380                   1
            3382                   1
            3445                   1
            3447                   1
            3510                   1
            3512                   1
            3575                   1
            3577                   1
            3640                   1
            3642                   1
            3705                   1
            3707                   1
            3770                   1
            3772                   1
            3835                   1
            3837                   1
            3900                   1
            3902                   1
            3965                   1
            3967                   1
            4030                   1
            4032                   1
            4095                   1
            4097                   1
            4160                   1
            4161                   1
            4162                   1
            4163                   1
            4164                   1
            4165                   1
            4166                   1
            4167                   1
            4168                   1
            4169                   1


           n o d a l   b o u n d a r y   c o n d i t i o n

        node no.                dof1
            4170                   1
            4171                   1
            4172                   1
            4173                   1
            4174                   1
            4175                   1
            4176                   1
            4177                   1
            4178                   1
            4179                   1
            4180                   1
            4181                   1
            4182                   1
            4183                   1
            4184                   1
            4185                   1
            4186                   1
            4187                   1
            4188                   1
            4189                   1
            4190                   1
            4191                   1
            4192                   1
            4193                   1
            4194                   1
            4195                   1
            4196                   1
            4197                   1
            4198                   1
            4199                   1
            4200                   1
            4201                   1
            4202                   1
            4203                   1
            4204                   1
            4205                   1
            4206                   1
            4207                   1
            4208                   1
            4209                   1
            4210                   1
            4211                   1
            4212                   1
            4213                   1
            4214                   1
            4215                   1
            4216                   1
            4217                   1
            4218                   1
            4219                   1


           n o d a l   b o u n d a r y   c o n d i t i o n

        node no.                dof1
            4220                   1
            4221                   1
            4222                   1
            4223                   1
            4224                   1
            4225                   1
